27, 8, OUTPUTFILE_0
190.546, 207.345, 209.167
400.55, 402.116, 203.539
209.301, 208.865, 211.031
207.247, 208.354, 336.013
205.194, 207.843, 460.995
210.399, 333.859, 211.56
208.345, 333.348, 336.542
206.292, 332.837, 461.524
211.497, 458.853, 212.089
209.444, 458.342, 337.071
207.39, 457.831, 462.054
334.279, 207.758, 213.08
332.226, 207.247, 338.062
330.172, 206.736, 463.044
335.377, 332.752, 213.609
333.324, 332.241, 338.591
331.27, 331.73, 463.573
336.476, 457.746, 214.138
334.422, 457.235, 339.12
332.368, 456.724, 464.102
459.257, 206.651, 215.129
457.204, 206.14, 340.111
455.15, 205.629, 465.093
460.356, 331.645, 215.658
458.302, 331.135, 340.64
456.249, 330.624, 465.622
461.454, 456.64, 216.187
459.4, 456.129, 341.169
457.347, 455.618, 466.151
208.652, 210.63, 448.661
209.591, 210.139, 573.656
210.531, 209.648, 698.652
206.23, 335.605, 449.17
207.169, 335.114, 574.165
208.109, 334.623, 699.161
203.808, 460.581, 449.679
204.748, 460.09, 574.674
205.687, 459.599, 699.67
333.625, 213.055, 447.73
334.564, 212.564, 572.726
335.504, 212.074, 697.721
331.203, 338.031, 448.24
332.143, 337.54, 573.235
333.082, 337.049, 698.231
328.781, 463.006, 448.749
329.721, 462.515, 573.744
330.66, 462.025, 698.74
458.598, 215.481, 446.8
459.537, 214.99, 571.796
460.477, 214.499, 696.791
456.176, 340.457, 447.309
457.116, 339.966, 572.305
458.055, 339.475, 697.3
453.754, 465.432, 447.818
454.694, 464.941, 572.814
455.633, 464.45, 697.809
211.236, 451.76, 210.493
210.939, 453.025, 335.487
210.641, 454.289, 460.48
208.349, 576.72, 209.222
208.051, 577.985, 334.215
207.753, 579.25, 459.208
205.462, 701.68, 207.95
205.164, 702.945, 332.944
204.866, 704.21, 457.937
336.203, 454.65, 210.762
335.905, 455.915, 335.755
335.607, 457.18, 460.748
333.315, 579.61, 209.49
333.017, 580.875, 334.484
332.72, 582.14, 459.477
330.428, 704.57, 208.219
330.13, 705.835, 333.212
329.832, 707.1, 458.205
461.169, 457.54, 211.03
460.871, 458.805, 336.023
460.573, 460.07, 461.017
458.282, 582.5, 209.759
457.984, 583.765, 334.752
457.686, 585.03, 459.745
455.394, 707.461, 208.487
455.096, 708.725, 333.481
454.799, 709.99, 458.474
209.378, 450.536, 450.2
207.308, 454.149, 575.13
205.237, 457.762, 700.061
211.651, 575.465, 446.625
209.58, 579.077, 571.555
207.51, 582.69, 696.486
213.923, 700.393, 443.05
211.853, 704.005, 567.98
209.783, 707.618, 692.911
334.34, 448.324, 452.334
332.27, 451.937, 577.265
330.199, 455.549, 702.196
336.613, 573.252, 448.759
334.542, 576.865, 573.69
332.472, 580.478, 698.621
338.885, 698.181, 445.185
336.815, 701.793, 570.115
334.745, 705.406, 695.046
459.302, 446.112, 454.469
457.232, 449.725, 579.4
455.162, 453.337, 704.33
461.575, 571.04, 450.894
459.505, 574.653, 575.825
457.434, 578.265, 700.755
463.848, 695.968, 447.319
461.777, 699.581, 572.25
459.707, 703.194, 697.181
451.379, 208.852, 210.957
450.495, 209.298, 335.953
449.611, 209.743, 460.95
449.314, 333.834, 210.498
448.43, 334.28, 335.494
447.546, 334.725, 460.49
447.249, 458.817, 210.038
446.366, 459.262, 335.034
445.482, 459.707, 460.03
576.358, 210.92, 211.834
575.475, 211.365, 336.83
574.591, 211.811, 461.826
574.294, 335.902, 211.374
573.41, 336.348, 336.37
572.526, 336.793, 461.366
572.229, 460.884, 210.914
571.345, 461.33, 335.91
570.462, 461.775, 460.906
701.338, 212.988, 212.71
700.454, 213.433, 337.706
699.571, 213.878, 462.702
699.274, 337.97, 212.25
698.39, 338.415, 337.246
697.506, 338.861, 462.242
697.209, 462.952, 211.79
696.325, 463.397, 336.786
695.441, 463.843, 461.783
448.163, 209.442, 451.73
447.807, 207.847, 576.719
447.452, 206.252, 701.709
448.145, 334.432, 453.325
447.789, 332.837, 578.314
447.434, 331.242, 703.304
448.127, 459.422, 454.92
447.771, 457.826, 579.909
447.416, 456.231, 704.899
573.162, 209.455, 452.086
572.807, 207.86, 577.075
572.451, 206.265, 702.064
573.144, 334.445, 453.681
572.789, 332.85, 578.67
572.433, 331.255, 703.659
573.126, 459.435, 455.276
572.771, 457.84, 580.265
572.415, 456.245, 705.254
698.162, 209.469, 452.441
697.806, 207.874, 577.431
697.451, 206.279, 702.42
698.144, 334.458, 454.036
697.788, 332.863, 579.026
697.433, 331.268, 704.015
698.126, 459.448, 455.631
697.77, 457.853, 580.621
697.415, 456.258, 705.61
451.721, 450.327, 211.226
453.402, 447.554, 336.184
455.082, 444.782, 461.142
449.745, 575.28, 214.025
451.426, 572.507, 338.983
453.107, 569.735, 463.941
447.769, 700.233, 216.824
449.45, 697.46, 341.782
451.131, 694.688, 466.74
576.694, 452.339, 209.589
578.375, 449.567, 334.547
580.056, 446.795, 459.505
574.718, 577.292, 212.388
576.399, 574.52, 337.346
578.08, 571.748, 462.304
572.742, 702.245, 215.187
574.423, 699.473, 340.145
576.104, 696.701, 465.103
701.667, 454.352, 207.953
703.348, 451.58, 332.911
705.029, 448.807, 457.869
699.691, 579.305, 210.752
701.372, 576.533, 335.71
703.053, 573.76, 460.668
697.715, 704.258, 213.551
699.396, 701.486, 338.509
701.077, 698.714, 463.467
450.518, 451.731, 450.98
448.319, 451.804, 575.961
446.119, 451.878, 700.941
454.049, 576.681, 450.969
451.849, 576.755, 575.949
449.65, 576.828, 700.93
457.579, 701.631, 450.957
455.38, 701.705, 575.938
453.18, 701.778, 700.918
575.449, 448.201, 453.181
573.25, 448.275, 578.161
571.05, 448.348, 703.142
578.979, 573.151, 453.169
576.78, 573.225, 578.15
574.581, 573.299, 703.13
582.51, 698.102, 453.158
580.31, 698.175, 578.138
578.111, 698.249, 703.119
700.38, 444.672, 455.381
698.18, 444.745, 580.362
695.981, 444.819, 705.343
703.91, 569.622, 455.37
701.711, 569.695, 580.35
699.511, 569.769, 705.331
707.441, 694.572, 455.358
705.241, 694.645, 580.339
703.042, 694.719, 705.32
