27, 8, OUTPUTFILE_1
194.07, 209.936, 201.235
397.439, 395.785, 200.213
210.688, 209.987, 210.463
207.863, 209.492, 335.43
205.038, 208.997, 460.397
211.326, 334.985, 210.973
208.501, 334.489, 335.94
205.676, 333.994, 460.907
211.964, 459.982, 211.483
209.139, 459.487, 336.45
206.314, 458.991, 461.417
335.654, 209.338, 213.286
332.829, 208.843, 338.253
330.004, 208.347, 463.22
336.293, 334.335, 213.795
333.467, 333.84, 338.762
330.642, 333.345, 463.73
336.931, 459.333, 214.305
334.106, 458.837, 339.272
331.281, 458.342, 464.239
460.621, 208.688, 216.108
457.796, 208.193, 341.075
454.971, 207.698, 466.042
461.259, 333.686, 216.618
458.434, 333.191, 341.585
455.609, 332.695, 466.552
461.897, 458.683, 217.128
459.072, 458.188, 342.095
456.247, 457.693, 467.062
211.381, 208.263, 449.328
207.735, 211.07, 574.243
204.088, 213.877, 699.159
212.044, 333.23, 446.539
208.397, 336.037, 571.454
204.751, 338.844, 696.37
212.707, 458.197, 443.75
209.06, 461.004, 568.665
205.413, 463.811, 693.581
336.327, 207.682, 452.989
332.68, 210.489, 577.904
329.033, 213.296, 702.819
336.989, 332.649, 450.2
333.342, 335.456, 575.115
329.696, 338.263, 700.03
337.652, 457.616, 447.411
334.005, 460.423, 572.326
330.358, 463.231, 697.241
461.272, 207.101, 456.649
457.625, 209.908, 581.565
453.978, 212.715, 706.48
461.934, 332.068, 453.86
458.288, 334.875, 578.776
454.641, 337.682, 703.691
462.597, 457.035, 451.071
458.95, 459.842, 575.987
455.304, 462.65, 700.902
208.702, 448.752, 208.782
210.11, 447.64, 333.769
211.518, 446.527, 458.757
205.557, 573.707, 209.93
206.965, 572.595, 334.917
208.373, 571.483, 459.904
202.412, 698.663, 211.077
203.82, 697.55, 336.065
205.228, 696.438, 461.052
333.654, 451.91, 207.403
335.062, 450.797, 332.39
336.47, 449.685, 457.377
330.509, 576.865, 208.55
331.917, 575.753, 333.538
333.326, 574.64, 458.525
327.365, 701.82, 209.698
328.773, 700.708, 334.685
330.181, 699.595, 459.672
458.607, 455.067, 206.023
460.015, 453.955, 331.01
461.423, 452.842, 455.998
455.462, 580.022, 207.171
456.87, 578.91, 332.158
458.278, 577.798, 457.145
452.317, 704.978, 208.318
453.725, 703.865, 333.306
455.133, 702.753, 458.293
208.173, 448.573, 448.694
205.863, 449.97, 573.665
203.553, 451.367, 698.636
205.821, 573.542, 447.254
203.511, 574.939, 572.225
201.201, 576.336, 697.196
203.469, 698.512, 445.813
201.159, 699.909, 570.784
198.849, 701.306, 695.755
333.129, 450.951, 450.977
330.819, 452.348, 575.948
328.51, 453.745, 700.919
330.777, 575.92, 449.537
328.467, 577.318, 574.508
326.158, 578.714, 699.478
328.425, 700.89, 448.096
326.116, 702.287, 573.067
323.806, 703.684, 698.038
458.086, 453.329, 453.26
455.776, 454.726, 578.231
453.466, 456.123, 703.202
455.734, 578.299, 451.819
453.424, 579.695, 576.79
451.114, 581.093, 701.761
453.382, 703.268, 450.379
451.072, 704.665, 575.35
448.762, 706.062, 700.321
450.368, 208.419, 211.317
453.628, 206.536, 336.26
456.888, 204.652, 461.203
448.329, 333.388, 213.254
451.589, 331.504, 338.197
454.849, 329.62, 463.141
446.29, 458.356, 215.191
449.55, 456.472, 340.135
452.81, 454.589, 465.078
575.309, 210.508, 208.088
578.569, 208.624, 333.031
581.829, 206.74, 457.975
573.27, 335.476, 210.025
576.53, 333.592, 334.969
579.79, 331.709, 459.912
571.231, 460.445, 211.963
574.491, 458.561, 336.906
577.751, 456.677, 461.849
700.25, 212.597, 204.859
703.51, 210.713, 329.803
706.77, 208.829, 454.746
698.211, 337.565, 206.797
701.471, 335.681, 331.74
704.731, 333.797, 456.683
696.172, 462.533, 208.734
699.432, 460.649, 333.678
702.692, 458.766, 458.621
451.503, 209.212, 450.601
448.067, 207.412, 575.541
444.632, 205.611, 700.481
448.365, 334.161, 452.316
444.929, 332.361, 577.256
441.494, 330.56, 702.195
445.227, 459.11, 454.03
441.791, 457.309, 578.97
438.355, 455.509, 703.91
576.416, 212.302, 454.081
572.981, 210.501, 579.021
569.545, 208.701, 703.96
573.278, 337.251, 455.795
569.843, 335.45, 580.735
566.407, 333.649, 705.675
570.14, 462.199, 457.51
566.704, 460.399, 582.449
563.269, 458.598, 707.389
701.33, 215.391, 457.56
697.894, 213.591, 582.5
694.458, 211.79, 707.44
698.192, 340.34, 459.275
694.756, 338.539, 584.214
691.32, 336.739, 709.154
695.053, 465.289, 460.989
691.618, 463.488, 585.929
688.182, 461.688, 710.869
451.628, 449.918, 210.214
451.054, 446.308, 335.161
450.48, 442.697, 460.107
450.804, 574.864, 213.821
450.23, 571.253, 338.768
449.656, 567.642, 463.714
449.98, 699.809, 217.428
449.406, 696.198, 342.374
448.832, 692.587, 467.321
576.624, 450.725, 210.812
576.05, 447.115, 335.758
575.476, 443.504, 460.705
575.8, 575.671, 214.419
575.226, 572.06, 339.365
574.652, 568.449, 464.312
574.976, 700.616, 218.025
574.402, 697.005, 342.972
573.828, 693.395, 467.918
701.62, 451.533, 211.409
701.046, 447.922, 336.356
700.472, 444.311, 461.302
700.796, 576.478, 215.016
700.222, 572.867, 339.962
699.648, 569.257, 464.909
699.972, 701.423, 218.623
699.398, 697.812, 343.569
698.824, 694.202, 468.516
451.502, 450.941, 451.466
448.505, 454.6, 576.376
445.508, 458.259, 701.287
455.014, 575.841, 447.891
452.018, 579.5, 572.802
449.021, 583.159, 697.712
458.527, 700.74, 444.317
455.531, 704.399, 569.227
452.534, 708.058, 694.138
576.416, 447.516, 454.563
573.42, 451.176, 579.473
570.423, 454.835, 704.384
579.929, 572.416, 450.988
576.932, 576.075, 575.899
573.936, 579.734, 700.809
583.442, 697.315, 447.414
580.445, 700.974, 572.324
577.449, 704.634, 697.235
701.331, 444.092, 457.66
698.334, 447.751, 582.57
695.338, 451.41, 707.481
704.844, 568.991, 454.085
701.847, 572.65, 578.996
698.851, 576.31, 703.906
708.357, 693.891, 450.511
705.36, 697.55, 575.421
702.363, 701.209, 700.332
